   0   74
0.07   74
0.07   66
0.07 385
0.15   66
0.15 638
0.15   66
0.15 1514
0.15   66
0.15 490
0.15   66
 4.1   74
4.11   74
4.11   66
4.11 505
4.11   66
4.11 854
4.11   66
4.62 505
4.63 854
4.63   66
4.63 505
4.64 854
4.68   66
5.27   74
5.27   74
5.27   66
5.27 503
5.28   66
 5.3 847
 5.3   66
6.97 503
   7 847
   7   66
9.73   74
9.73   74
9.76   74
9.76   66
9.76 495
9.76   74
9.76   66
9.76 495
9.76   74
9.78   66
9.78 2247
9.78   66
9.78   66
9.78   66
9.79   74
9.79   66
9.79 1514
9.79   66
9.79 799
9.79   66
9.79   66
9.79   66
   9.8   66
  9.81   66
  9.82   66
 10.15   66
 10.23   66
 10.87   74
 10.87   66
 14.64   66
 14.65   66
 14.75   60
 14.75   60
 15.17   66
  15.2   66
  15.2   66
 17.01   66
 17.01   66
 19.78   60
 20.24   66
 20.32   66
 20.51   66
 20.51   66
 20.51   66
 27.03   66
 27.03   66
 30.32   66
  30.4   66
 37.04   66
 37.05   66
  40.4   66
 40.48   66
 47.06   66
 47.07   66
 50.48   66
 50.56   66
 57.07   66
 57.08   66
 60.56   66
 60.64   66
 67.09   66
  67.1   66
 70.64   66
 70.72   66
 77.11   66
 77.11   66
 80.72   66
  80.8   66
 87.12   66
 87.13   66
  90.8   66
 90.88   66
 97.14   66
 97.15   66
100.88   66
100.96   66
